Var1
-0.681975915627746
-0.872851861053837
-0.863795320945279
-0.659892868217778
-0.604119378557334
-0.711036739234558
-0.811007814955978
-0.828718026044213
-0.822108912855142
-0.842956442071408
-0.803478913593854
-0.549578022138745
-0.847443534726559
-0.838841341295039
-0.636864679714425
-0.674913855155959
-0.748380941655092
-0.764869993897048
-0.655306934618943
-0.876282685289274
-0.81205535705623
-0.66038714766438
-0.820203393313267
-0.685873126227623
-0.650951618175225
-0.755015604763532
-0.458402858038997
-0.701115905645246
-0.901824287063729
-0.747977028304102
-0.607084411380728
-0.572268122826071
-0.635486629034774
-0.649488692528572
-0.73425500007066
-0.780168946067361
-0.819306408086867
-0.584942100347818
-0.794188764244604
-0.586983508364773
-0.770004976321558
-0.614459410361036
-0.875054407219549
-0.825485650095446
-0.522364802753435
-0.72237876338046
-0.523673551961774
-0.646294795085743
-0.667832390803055
-0.642570191153554
-0.732721012301144
-0.59442534587351
-0.599760664853073
-0.57759447362903
-0.793029551150822
-0.812596217673911
-0.806033936331524
-0.633143538909415
-0.67670539495174
-0.743144078933781
-0.866940936500384
-0.722038642844905
-0.728222054787436
-0.76201046943677
-0.751845055439595
-0.891547689237319
-0.872322190639163
-0.628210349543643
-0.66457605000151
-0.906930174875962
-0.693804270470794
-0.754929768142542
-0.70625038923253
-0.694789517530326
-0.634263041489331
-0.80478943065343
-0.614520158185502
-0.642956633556213
-0.708879488717774
-0.708729087210472
-0.821576933718801
-0.682086077276152
-0.625613617261605
-0.846556794379405
-0.807215238344804
-0.672901810335731
-0.61678269689813
-0.757560105548739
-0.66241816753158
-0.807617596002285
-0.758467051663838
-0.668163888542218
-0.840292243146343
-0.809640325598564
-0.734321401135807
-0.590217280513508
-0.850445250116694
-0.920860824993993
-0.779698782383112
-0.642123920623657
-0.702862778253066
-0.756355464808684
-0.69546335754426
-0.355346693813907
-0.841998763306513
-0.804232804127097
-0.658862050083121
-0.676543450985615
-0.621463875431631
-0.779251498620913
-0.835776874484991
-0.753955985493039
-0.844745563884587
-0.599240469604818
-0.889804558188285
-0.520164403372412
-0.73271590791491
-0.644211889902042
-0.631318689563774
-0.628749153047571
-0.729376068055446
-0.61767124583189
-0.550537477530516
-0.630873612017792
-0.733337697121065
-0.59552377964173
-0.85379391234949
-0.719626020366799
-0.89647950357611
-0.775315541424688
-0.779299479111827
-0.61323562735567
-0.760163975909286
-0.871058047719264
-0.774388113937636
-0.63126991302535
-0.609161713059188
-0.632567006144924
-0.776529505952418
-0.63852991809371
-0.649182101799587
-0.79433937827771
-0.683596159825245
-0.555553055619667
-0.726911295596966
-0.639131177184221
-0.723159750235066
-0.666629577369001
-0.896293448992382
-0.67551640547651
-0.570768134766068
-0.620732072375641
-0.86791982961621
-0.788334323062379
-0.904016908566828
-0.694055596860086
-0.820827774983058
-0.647032729511446
-0.716316757770768
-0.775441390679426
-0.8015719381462
-0.729038597661414
-0.888234094159775
-0.580069501168021
-0.553553001376538
-0.686551514496502
-0.704196091298179
-0.65493552207344
-0.863481443993845
-0.6768543483573
-0.56821176106201
-0.803047727188536
-0.604620718029006
-0.422193102510952
-0.728730560442599
-0.487901607857547
-0.757978571020707
-0.612990672932388
-0.666684030994038
-0.799833221519608
-0.801663640536587
-0.835634946174562
-0.832344044447455
-0.633825637336883
-0.689561511683192
-0.694931098409128
-0.506111296494997
-0.629411521825971
-0.867809653389398
-0.823375284829783
-0.708187312872747
-0.818265226370164
-0.621674677196154
-0.75691246387251
-0.786393510277668
-0.701648409825844
-0.783994291219497
-0.819287523050479
-0.62348112253157
-0.519088505442825
-0.789187422339958
-0.853184655489034
-0.780980933610635
-0.886084889434787
-0.719275879349205
-0.793253827117152
-0.767801760591277
-0.936519453358725
-0.766125382237697
-0.557350426928638
-0.829317230765839
-0.678879753875142
-0.518488146097458
-0.856897028878154
-0.759654105953048
-0.740355871556253
-0.726995892927135
-0.750047666443543
-0.857676138649274
-0.659005729277719
-0.591496893316416
-0.849254325188811
-0.756358522608923
-0.785157192823955
-0.713687416243678
-0.820098163956493
-0.71328686000936
-0.662757975905255
-0.754980837859275
-0.888800226513519
-0.662230424299563
-0.647699257132305
-0.67843243407881
-0.775222108560748
-0.724764336048042
-0.811898820822321
-0.556692332483177
-0.709441034395868
-0.606374304020041
-0.697037195768341
-0.661781954043977
-0.743140651621118
-0.888029904929641
-0.0130313832764759
-0.819087512427183
-0.718663857739968
-0.884295413554418
-0.806677448927558
-0.671285193549565
-0.758259176607115
-0.614832387912563
-0.675284756320054
-0.729327666929858
-0.654487245033812
-0.296269325350805
-0.790450837304733
-0.645551984296036
-0.692475735136068
-0.856969966199369
-0.819508656508557
-0.666188538963681
-0.735484225397662
-0.648110791101535
-0.647868670724741
-0.876708107306708
-0.650361560614105
-0.754114835059901
-0.625413986316554
-0.907460763818906
-0.572271722736092
-0.386097686249225
-0.688309550627164
-0.707720332720112
-0.689390174047779
-0.777762738913004
-0.707310121538976
-0.622272093751586
-0.835536926959274
-0.717736318658289
-0.811979113659385
-0.653170074907947
-0.708746743328473
-0.681429653551275
-0.661502883319311
-0.651073518802636
-0.685253557563892
0.142739835167559
-0.40845573257114
-0.76430549355623
-0.626071469391244
-0.545007350067385
-0.750816067587874
-0.644534032811442
-0.605338005418753
-0.643038548377338
-0.872101612447145
-0.751477689042305
-0.649538785712941
-0.849434904152102
-0.72353678466424
-0.64515856190736
-0.693711681974114
-0.714568632874321
-0.706815113341298
-0.59825280264145
-0.679812336992037
-0.806823306113591
-0.847672646534126
-0.818182235700055
-0.706177462806782
-0.637977937792181
-0.844750606451877
-0.613504053242271
-0.85121085682788
-0.656232697927722
-0.88384979744679
-0.626789402103696
-0.729453515065428
-0.832917377533021
-0.716628358494459
-0.666329476411602
-0.61111291255408
-0.735813883682649
-0.726240245964989
-0.673394611266679
-0.674749811403367
-0.887575719992139
-0.680791257063983
-0.628005668508112
-0.772425524348846
-0.815869751631
-0.704235129162839
-0.676318281921902
-0.648667169641328
-0.787078729109361
-0.696187353441285
-0.694275284168945
-0.881168105567642
-0.534099524859119
-0.704048300073548
-0.931881992313702
-0.590181638946678
-0.654039432763405
-0.694401630648598
-0.627721250761395
-0.0958137000102261
-0.847444845691742
-0.893119327305136
-0.628442355463913
-0.883495699422378
-0.678891338821173
-0.59727594776003
-0.8276348114117
-0.444334817130357
-0.700738065092587
-0.685611199299042
-0.66186548061681
-0.602578377061617
-0.671873337440721
-0.794489213855686
-0.177105420940833
-0.872404837271082
-0.848163706794078
-0.369257583906908
-0.494997544617058
-0.866468483906006
-0.656329488231494
-0.684740980487493
-0.767449754981784
-0.698294412647648
-0.622352335530992
-0.677871872095546
-0.756856184144902
-0.780622442567144
-0.88164389005446
-0.755219551929524
-0.604268089626733
-0.664986713129415
-0.766052382975446
-0.71073053046395
-0.739204147344627
-0.659343608956308
-0.736826883135615
-0.541309544597835
-0.585214927498573
-0.679797100480921
-0.857426436072277
-0.693926574104229
-0.805706672035457
-0.647477226805632
-0.573075093436634
-0.712725574059813
-0.867989519902818
-0.594055181653728
-0.519605192752811
-0.777615949572746
-0.856354572831779
-0.613785834429873
-0.775170235762654
-0.814381089864695
-0.802317065599762
-0.763544347889281
-0.672973498034705
-0.814771703414024
-0.764901563949432
-0.561819241730554
-0.650110597523948
-0.786850813356876
-0.80853922031025
-0.731230364739257
-0.652357739300445
-0.612653399231596
-0.750333573499727
-0.598442869650172
-0.802884535659161
-0.661196680144398
-0.727235140414102
-0.434646588143479
-0.723410994345241
-0.830380740940076
-0.602808695516741
-0.748729963988979
-0.750759773093811
-0.887788381525267
-0.743552435193077
-0.588403661591103
-0.745347211318044
-0.788292111834288
-0.9122798037408
-0.727158021031035
-0.56616478083447
-0.742996587192216
-0.603703989165455
-0.537135971065848
-0.857206952213942
-0.824002108435701
-0.654846177711472
-0.356234756403418
-0.692035679815834
-0.606472869021425
-0.814510267613325
-0.715435189343975
-0.497659816819828
-0.597764114503085
-0.746988511371985
-0.689036462952653
0.112868522984564
-0.659633353402737
-0.679728509917476
-0.781868300931808
-0.768583996204954
-0.69694454845501
-0.718215284576279
-0.793660639848368
-0.67153663837793
-0.791697012034102
-0.671698845493065
-0.582366358477875
-0.876756971599648
-0.692590381432986
-0.647792267987725
-0.62925000416131
-0.584021898563188
-0.661061895596188
-0.787593816658906
-0.781498819128276
-0.63202123799459
-0.773742411211512
-0.775645384605524
-0.781905856004221
-0.789710309310969
-0.746854191574143
-0.631401944240394
-0.627212293896064
-0.888033581550763
-0.823155046438649
-0.629396075938781
-0.586860924936318
-0.631805900549969
-0.842244061012516
-0.623280710987693
-0.733184278898858
-0.796192101448194
-0.684669250389912
-0.626296774633225
-0.639486578988399
-0.843666502058399
-0.797024142259171
-0.869030073530987
-0.63445428251551
-0.692651726042966
-0.849087898338119
-0.901329847996248
-0.601491522360443
-0.753500993095384
-0.819610820890282
-0.829681589081303
-0.735286768527602
-0.648631310068401
-0.696539382617885
-0.784631498476748
-0.827605645074145
-0.884148216680034
-0.588283304185497
-0.732870415483914
-0.621353904639497
-0.859889030728484
-0.705022662933606
-0.601824710194467
-0.782454746323591
-0.767590994086999
-0.665788225168737
-0.644554501500007
-0.513924192937734
-0.868293187147285
-0.831746557408863
-0.874147937493158
-0.80061139217242
-0.700012330292147
-0.871386397558712
-0.807165270528801
-0.753626045009089
-0.690979442108896
-0.59684788208696
-0.633097870609465
-0.877907899465487
-0.70332863632805
-0.63714985824083
-0.619857887695749
-0.853033266035602
-0.86335364176618
-0.650433852009496
-0.800459329051612
-0.783607455142879
-0.572060008565676
-0.699087351625167
-0.617436048887105
-0.829268120276896
-0.779218227638788
-0.408866400379547
-0.0957771989506565
-0.86178504078434
-0.719161251933321
-0.89389879692046
-0.588650465778598
-0.0220320304360455
-0.803303409142151
-0.890593352737923
-0.622532031326491
-0.709652382815868
-0.712537682334489
-0.809630352781241
-0.679998392532941
-0.694306751182099
-0.747655675237488
-0.624112136402939
-0.664563079424949
-0.401597308322018
-0.806614272629459
-0.887078306875663
-0.876095809675073
-0.681295671995407
-0.597028184926488
-0.552822289534325
-0.559287960216839
-0.613588408439892
-0.777449574758075
-0.746039177705925
-0.604769663054345
-0.784216889014976
-0.813218053057995
-0.675600609686272
-0.784421917586629
-0.632546329732526
-0.766185310834999
-0.571439277946063
-0.647100161617495
-0.864549131127384
-0.718057259247262
-0.772805225264479
-0.776189784286501
-0.766781526495596
-0.720713567679995
-0.793507870282411
-0.637543005804441
-0.850335020005094
-0.680317563399699
-0.766269770082689
-0.690678481709317
-0.737907939383838
-0.875629489569
-0.666274429962711
-0.792430882504718
-0.738988630589497
-0.637742741640161
-0.659257422606444
-0.791812095170346
-0.609142291835176
-0.828770343024206
-0.80056992968864
-0.684994422867265
-0.757680312322208
-0.711301846788312
-0.733342507200129
-0.66174010591544
-0.60325464143766
-0.719620059638878
-0.713102863171118
-0.745872183407765
-0.890393202264773
-0.714437027376852
-0.703721259348974
-0.51808893599868
-0.78900134290198
-0.60654974776343
-0.623796083837945
-0.759833607218026
-0.902239599152123
-0.829360544247095
-0.701734934174003
-0.628021791467969
-0.5307622901874
-0.901687631090605
-0.665251362016646
-0.77000873585352
-0.787561811742275
-0.864679592413027
-0.676385979343692
-0.838873887273318
-0.461021072334716
-0.778303735434395
-0.646252345595606
-0.627536271556421
-0.727426322747244
-0.587656022439537
-0.321432536969791
-0.766170353643012
-0.880016137847275
-0.752521096224708
-0.633277117421725
-0.630510975016572
-0.756947760028837
-0.609231823612888
-0.791513247099207
-0.651923323518871
-0.685144966112412
-0.600347051014394
-0.633680068553593
-0.5994686900815
-0.891569960787331
-0.576076822014042
-0.746756600659361
-0.662955696510861
-0.507523469249216
-0.580151516097759
-0.624035488776232
-0.89739345246777
-0.672412914430211
-0.629263927051658
-0.666041966720633
-0.705125807758567
-0.631050959418983
-0.477256529563622
-0.868986568286934
-0.67005764335176
-0.750510812376769
-0.786502588875039
-0.672010420721125
-0.707718084278973
-0.747191251437559
-0.767735533793247
-0.675516376113344
-0.674841597334122
-0.905994364135646
-0.826702469443559
-0.642149353640881
-0.580043374407652
-0.640953916577378
-0.669517502673573
-0.730027830764556
-0.877223420057476
-0.826330595902392
-0.827322881811584
-0.640246546531272
-0.627468612785982
-0.717941343708202
-0.849414472002967
-0.834266723498578
-0.572395569587241
-0.691813549385466
-0.575316695012157
-0.640793429154235
-0.781821886426603
-0.681351468273095
-0.573978133658436
-0.64251038433353
-0.760131330273414
-0.721948991143189
-0.551875107239509
-0.568427096491205
-0.894943700913483
-0.641475391169652
-0.546527087360378
-0.619487459869646
-0.669721954788026
-0.628983702388984
-0.570678090092543
-0.773577268679624
-0.702386353091143
-0.807624918430029
-0.627906663547792
-0.810935049765796
-0.735637793297735
-0.84811951982815
-0.864833512861611
-0.911235021044694
-0.742150860834459
-0.818622919619076
-0.594711292646038
-0.625579219579362
-0.669776837632818
-0.772990937096112
-0.602460866771987
-0.61313179180701
-0.758031507746628
-0.633318078659892
-0.820744919919479
-0.695022901962109
-0.566350115404704
-0.636259092185631
-0.809913206047233
-0.638887556033472
-0.769877138241454
-0.692143015250355
-0.805108426843667
-0.767948914624822
-0.740161419495776
-0.739874210750707
-0.85178381540587
-0.882793643059623
-0.72796304119
-0.833684745466651
-0.856124335007872
-0.734697961889336
-0.832337127751236
-0.435068737930469
-0.666680859124083
-0.77150234133063
-0.69539982506022
-0.592566760615679
-0.616917963994655
-0.75188592760203
-0.43848063091612
-0.676999751313983
-0.895870747365959
-0.584063532768356
-0.825818656322674
-0.756152469977935
-0.566240128795168
-0.596217866873159
-0.791416128834565
-0.197637140911941
-0.64795999904767
-0.585791719934117
-0.660042478587625
-0.814143003624832
-0.761259556230327
-0.80583679962532
-0.661701422880913
-0.649958773995305
-0.854895596073115
-0.565468303029845
-0.67140634166173
-0.642595355109699
-0.765486899087436
-0.655128444036028
-0.81753277291424
-0.840087682613634
-0.733435980022834
-0.620940646767781
-0.635688468935583
-0.641180643573957
-0.637277276355018
-0.76943249644719
-0.649452631995306
-0.821872951409589
-0.749743523269628
-0.643805565273849
-0.567247070692113
-0.873351914559663
-0.823695867562727
-0.677595260752943
-0.70925089277391
-0.631727758461075
-0.723183290178315
-0.531968604648007
-0.574178094405672
-0.589694962348718
-0.599243852975299
-0.745137831808391
-0.771368541906667
-0.726130210605605
-0.709296759302051
-0.700210998018115
-0.89419969185595
-0.713878114926462
-0.809053860388149
-0.615727903597219
-0.40651485962873
-0.686352921280164
-0.859673027064523
-0.714290018319013
-0.653769970310013
-0.567499684813172
-0.696268907256718
-0.616713321289496
-0.863946998070336
-0.724046116483185
-0.669307283686939
-0.73287144376071
-0.423392654369407
-0.745151845603203
-0.744576278003358
-0.748748150131024
-0.783803215141817
-0.844403653911738
-0.639807123144844
-0.591761962774931
-0.626890538183687
-0.639736164003898
-0.695573581250935
-0.669231286554549
-0.571215927156616
-0.753713727406944
-0.609749623853653
-0.670051240081059
-0.723500344141601
-0.681102437708574
-0.737635365816908
-0.537520142318012
-0.787558801687139
-0.621598908188783
-0.454774907524747
-0.694806939816615
-0.758075413896804
-0.675893463651104
-0.639949230148786
-0.54292141886806
-0.840733119835007
-0.654328913375201
-0.773705898696676
-0.587310857898811
-0.841512854543766
-0.702749243283981
-0.581554892188565
-0.875214283301332
-0.582993450431942
-0.801754570699529
-0.745307667992986
-0.576511873223469
-0.750165739363241
-0.651730148862182
-0.811471533171661
-0.668741191081162
-0.7251281119198
-0.653693153294146
-0.621021564631058
-0.631477883294572
-0.761894515723607
-0.692097153661891
-0.801283347011567
-0.627782826396221
-0.68354851891811
-0.780961843073413
-0.68729276503948
-0.858260764653762
-0.715096007507129
-0.478123615655216
-0.729121213845209
-0.686193087385942
-0.62010970552702
-0.771547564012471
-0.690566433001515
-0.784743830760704
-0.716780312601084
-0.386189405871422
-0.696635062308951
-0.267601646895983
-0.635870155555281
-0.720160040231362
-0.833342467033022
-0.673125500493706
-0.669966755411933
-0.8735258827747
-0.860586085760358
-0.679387428650853
-0.580503851410116
-0.65065104637543
-0.89013040422358
-0.851414114929981
-0.560772898695766
-0.718260154909688
-0.620936239526233
-0.62857445215818
-0.573494596488209
-0.746734819712133
-0.825948876013086
-0.725679370253713
-0.658504536739882
-0.734190024270754
-0.868059748573373
-0.66165873899402
-0.899845519633526
-0.786422559340527
-0.74900764919195
-0.892712998963874
-0.555355396819531
-0.69286099092818
-0.629626273218643
-0.591971734810255
-0.85821861686368
-0.589254310719201
-0.737137066796252
-0.753787047054009
-0.576106038588911
-0.813997311091836
-0.0738952860828423
-0.670733116788925
-0.720348224250399
-0.763117957545689
-0.858580788651206
-0.748131673302759
-0.581875717141352
-0.516302175100883
-0.609465414436326
-0.673892009281092
-0.869466753371143
-0.829268730654201
-0.633206176313747
-0.639430819986663
-0.363955837453637
-0.757711307626
-0.796192054627726
-0.843163443685274
-0.730766100907961
-0.910437490587436
-0.656836213682762
-0.6551333438429
-0.679351921056168
-0.607211061451131
-0.761830277612
-0.716631761444153
-0.861304894911333
-0.566036138679958
-0.722358457011811
-0.665024138752837
-0.738301654754243
-0.646583103523098
-0.589614409920447
-0.646366125886036
-0.618293722253065
-0.822142656035492
-0.689370458263854
-0.619860509189833
-0.122955930702123
-0.772122047762921
-0.810330782761074
-0.666427508243125
-0.783680475819545
-0.902544433626512
-0.78892475313186
-0.752620641771643
-0.83938559454581
-0.266341580811287
-0.558482311310211
-0.765865174005243
-0.709551921255113
-0.749913046971768
-0.710644105960141
-0.641528030517208
-0.835945146996735
-0.660134429019856
-0.899203723049275
-0.710479004813805
-0.673237113403158
-0.681130318957912
-0.581405733632521
-0.53797526413128
-0.786558589523202
-0.565502091813962
-0.695197996110803
-0.67007893499533
-0.651017516312482
-0.880211069970604
-0.513642435655125
-0.831368149218634
-0.909503334727462
-0.57335989841175
-0.821831113410892
-0.646639523170434
